0 0 0 0 0 0 0 0 0 0 0 0 0 0 0 0 0 0 0 0 0 0 0 0 0 0 0 0 0 0 0 0 0 0 0 0 0 0 0 0 0 0 0 0 0 0 0 0 0 0 0 
0 -0.000715533 -0.00142056 -0.00210397 -0.00275498 -0.00336333 -0.0039194 -0.00441439 -0.00484048 -0.00519092 -0.00546013 -0.00564384 -0.00573912 -0.00574441 -0.0056596 -0.00548599 -0.00522628 -0.00488453 -0.0044661 -0.00397756 -0.00342659 -0.00282186 -0.00217289 -0.0014899 -0.000783658 -6.5289e-05 0.000653874 0.00136249 0.00204936 0.00270366 0.00331504 0.00387384 0.00437123 0.00479933 0.00515136 0.00542175 0.00560618 0.00570172 0.00570683 0.00562139 0.00544672 0.00518553 0.00484192 0.00442129 0.00393026 0.00337654 0.00276887 0.00211683 0.00143072 0.000721372 0 
0 -0.00142056 -0.00282024 -0.004177 -0.00546943 -0.00667714 -0.00778106 -0.00876372 -0.00960957 -0.0103052 -0.0108396 -0.0112043 -0.0113933 -0.0114038 -0.0112354 -0.0108906 -0.010375 -0.00969647 -0.00886573 -0.00789582 -0.00680198 -0.00560142 -0.00431304 -0.00295714 -0.00155507 -0.000128954 0.00129873 0.00270546 0.00406903 0.00536791 0.00658159 0.00769087 0.00867824 0.00952805 0.0102268 0.0107635 0.0111296 0.0113192 0.0113293 0.0111596 0.0108128 0.0102942 0.00961208 0.00877701 0.00780219 0.00670294 0.0054966 0.0042022 0.00284016 0.00143201 0 
0 -0.00210397 -0.004177 -0.00618643 -0.00810058 -0.00988924 -0.0115241 -0.0129794 -0.0142321 -0.0152623 -0.0160537 -0.0165937 -0.0168736 -0.016889 -0.0166394 -0.0161288 -0.015365 -0.01436 -0.0131296 -0.0116931 -0.010073 -0.00829491 -0.00638676 -0.00437862 -0.00230213 -0.000190023 0.00192438 0.00400774 0.00602716 0.00795076 0.00974816 0.0113909 0.0128532 0.0141116 0.0151465 0.0159412 0.0164833 0.016764 0.0167788 0.0165274 0.0160137 0.0152456 0.0142353 0.0129985 0.0115548 0.0099268 0.00814023 0.00622325 0.00420613 0.00212072 0 
0 -0.00275498 -0.00546943 -0.00810058 -0.0106069 -0.012949 -0.0150896 -0.0169951 -0.0186353 -0.0199841 -0.0210202 -0.0217271 -0.0220936 -0.0221136 -0.0217867 -0.0211179 -0.0201177 -0.0188017 -0.0171905 -0.0153095 -0.0131881 -0.0108599 -0.00836139 -0.00573197 -0.00301307 -0.000247571 0.00252093 0.00524875 0.00789284 0.0104114 0.0127648 0.0149157 0.0168301 0.0184778 0.0198326 0.0208731 0.0215827 0.0219501 0.0219694 0.0216402 0.0209674 0.0199617 0.0186387 0.0170193 0.0151289 0.0129973 0.0106581 0.00814812 0.00550707 0.00277664 0 
0 -0.00336333 -0.00667714 -0.00988924 -0.012949 -0.015808 -0.0184212 -0.0207474 -0.0227495 -0.024396 -0.0256608 -0.0265236 -0.0269708 -0.026995 -0.0265958 -0.0257793 -0.0245581 -0.0229514 -0.0209844 -0.018688 -0.0160983 -0.013256 -0.0102058 -0.00699587 -0.00367674 -0.000300731 0.00307891 0.00640887 0.00963658 0.0127111 0.0155839 0.0182094 0.0205464 0.0225576 0.0242114 0.0254814 0.0263475 0.0267958 0.0268192 0.0264172 0.0255958 0.0243679 0.0227528 0.0207759 0.0184681 0.015866 0.0130104 0.00994644 0.00672248 0.00338943 0 
0 -0.0039194 -0.00778106 -0.0115241 -0.0150896 -0.0184212 -0.0214664 -0.0241769 -0.0265099 -0.0284284 -0.0299021 -0.0309074 -0.0314283 -0.0314564 -0.030991 -0.0300393 -0.0286161 -0.0267437 -0.0244515 -0.0217754 -0.0187575 -0.0154453 -0.0118909 -0.00815042 -0.00428269 -0.000348712 0.00358947 0.00746973 0.0112308 0.0148134 0.0181608 0.0212202 0.0239432 0.0262866 0.0282135 0.0296932 0.0307023 0.0312246 0.0312517 0.030783 0.0298257 0.0283948 0.0265127 0.0242089 0.0215198 0.0184876 0.0151601 0.0115898 0.00783315 0.00394942 0 
0 -0.00441439 -0.00876372 -0.0129794 -0.0169951 -0.0207474 -0.0241769 -0.0272295 -0.029857 -0.0320176 -0.0336771 -0.0348091 -0.0353956 -0.035427 -0.0349027 -0.0338307 -0.0322276 -0.0301187 -0.0275369 -0.0245228 -0.0211237 -0.0173933 -0.0133902 -0.00917741 -0.0048214 -0.000390803 0.00404449 0.00841452 0.0126503 0.016685 0.0204548 0.0239002 0.0269668 0.0296059 0.0317758 0.0334421 0.0345783 0.0351663 0.0351966 0.0346686 0.0335903 0.0319786 0.0298588 0.0272642 0.0242356 0.0208206 0.0170731 0.0130523 0.00882156 0.00444774 0 
0 -0.00484048 -0.00960957 -0.0142321 -0.0186353 -0.0227495 -0.0265099 -0.029857 -0.0327378 -0.0351067 -0.0369261 -0.0381672 -0.03881 -0.0388443 -0.0382691 -0.0370935 -0.0353355 -0.0330229 -0.0301918 -0.0268868 -0.0231597 -0.0190693 -0.0146799 -0.0100606 -0.00528439 -0.000426392 0.00443673 0.00922825 0.0138725 0.0182963 0.0224296 0.0262072 0.0295694 0.0324628 0.0348418 0.0366686 0.0379142 0.0385587 0.0385917 0.0380125 0.0368301 0.0350628 0.0327384 0.0298934 0.0265726 0.0228282 0.0187193 0.0143107 0.00967205 0.00487653 0 
0 -0.00519092 -0.0103052 -0.0152623 -0.0199841 -0.024396 -0.0284284 -0.0320176 -0.0351067 -0.0376468 -0.0395977 -0.0409283 -0.0416175 -0.0416539 -0.041037 -0.039776 -0.0378907 -0.0354105 -0.0323744 -0.02883 -0.0248332 -0.0204467 -0.0157397 -0.0107862 -0.00566439 -0.000454964 0.00475991 0.00989797 0.0148781 0.0196217 0.0240539 0.0281046 0.0317097 0.0348122 0.0373631 0.0393217 0.0406572 0.041348 0.0413832 0.0407619 0.0394937 0.0375984 0.0351058 0.0320549 0.0284938 0.0244786 0.0200726 0.0153452 0.0103712 0.005229 0 
0 -0.00546013 -0.0108396 -0.0160537 -0.0210202 -0.0256608 -0.0299021 -0.0336771 -0.0369261 -0.0395977 -0.0416495 -0.0430488 -0.0437734 -0.0438115 -0.0431623 -0.0418357 -0.0398525 -0.0372436 -0.0340499 -0.0303218 -0.0261176 -0.0215038 -0.0165528 -0.0113426 -0.00595541 -0.000476117 0.00500887 0.010413 0.015651 0.0206402 0.0253018 0.0295621 0.0333537 0.0366167 0.0392994 0.0413593 0.0427636 0.04349 0.0435267 0.042873 0.0415389 0.0395453 0.0369234 0.0337144 0.0299688 0.0257457 0.0211115 0.0161394 0.0109079 0.00549956 0 
0 -0.00564384 -0.0112043 -0.0165937 -0.0217271 -0.0265236 -0.0309074 -0.0348091 -0.0381672 -0.0409283 -0.0430488 -0.0444949 -0.0452436 -0.0452827 -0.0446114 -0.04324 -0.0411898 -0.038493 -0.0351919 -0.0313382 -0.0269927 -0.0222237 -0.0171063 -0.0117211 -0.00615289 -0.000489565 0.0051796 0.0107652 0.016179 0.0213356 0.0261535 0.0305566 0.0344754 0.0378477 0.0406202 0.0427489 0.0442001 0.0449506 0.0449883 0.0443123 0.0429332 0.0408725 0.0381624 0.0348456 0.0309742 0.0266092 0.0218195 0.0166806 0.0112736 0.00568392 0 
0 -0.00573912 -0.0113933 -0.0168736 -0.0220936 -0.0269708 -0.0314283 -0.0353956 -0.03881 -0.0416175 -0.0437734 -0.0452436 -0.0460046 -0.046044 -0.0453611 -0.0439664 -0.0418814 -0.039139 -0.035782 -0.0318633 -0.0274445 -0.0225951 -0.0173915 -0.0119156 -0.00625371 -0.000495139 0.00526933 0.0109487 0.0164535 0.0216966 0.0265953 0.0310723 0.0350566 0.0384854 0.0413042 0.0434684 0.0449437 0.0457064 0.0457445 0.0450569 0.0436544 0.0415588 0.038803 0.0354303 0.0314938 0.0270555 0.0221853 0.0169601 0.0114625 0.00577914 0 
0 -0.00574441 -0.0114038 -0.016889 -0.0221136 -0.026995 -0.0314564 -0.035427 -0.0388443 -0.0416539 -0.0438115 -0.0452827 -0.046044 -0.0460833 -0.0453995 -0.0440031 -0.0419161 -0.039171 -0.0358109 -0.0318886 -0.0274657 -0.022612 -0.0174038 -0.0119231 -0.0062563 -0.000492794 0.00527656 0.0109607 0.01647 0.0217175 0.0266202 0.0311007 0.0350881 0.0385195 0.0413404 0.0435061 0.0449823 0.0457454 0.0457832 0.0450947 0.0436908 0.0415932 0.0388349 0.0354592 0.0315193 0.0270773 0.0222031 0.0169736 0.0114715 0.00578368 0 
0 -0.0056596 -0.0112354 -0.0166394 -0.0217867 -0.0265958 -0.030991 -0.0349027 -0.0382691 -0.041037 -0.0431623 -0.0446114 -0.0453611 -0.0453995 -0.0447254 -0.0433495 -0.0412931 -0.0385884 -0.0352778 -0.0314134 -0.027056 -0.022274 -0.0171429 -0.0117434 -0.00616062 -0.000482606 0.00520111 0.0108009 0.0162283 0.0213977 0.0262274 0.0306411 0.0345691 0.0379492 0.0407279 0.0428612 0.0443151 0.0450666 0.0451034 0.0444249 0.0430415 0.0409749 0.0382573 0.0349317 0.0310502 0.0266741 0.0218724 0.0167207 0.0113005 0.00569744 0 
0 -0.00548599 -0.0108906 -0.0161288 -0.0211179 -0.0257793 -0.0300393 -0.0338307 -0.0370935 -0.039776 -0.0418357 -0.04324 -0.0439664 -0.0440031 -0.0433495 -0.0420155 -0.040022 -0.0374001 -0.034191 -0.0304452 -0.0262215 -0.0215864 -0.0166129 -0.0113793 -0.00596817 -0.000464772 0.0050441 0.0104715 0.0157319 0.0207421 0.025423 0.0297007 0.0335076 0.0367834 0.0394763 0.0415435 0.0429524 0.0436803 0.0437157 0.0430578 0.0417167 0.0397133 0.0370792 0.0338558 0.0300937 0.0258522 0.0211983 0.0162053 0.0109521 0.00552175 0 
0 -0.00522628 -0.010375 -0.015365 -0.0201177 -0.0245581 -0.0286161 -0.0322276 -0.0353355 -0.0378907 -0.0398525 -0.0411898 -0.0418814 -0.0419161 -0.0412931 -0.040022 -0.0381226 -0.0356247 -0.0325675 -0.028999 -0.0249753 -0.0205598 -0.015822 -0.0108366 -0.00568199 -0.000439604 0.00480794 0.00997784 0.0149885 0.0197609 0.0242195 0.028294 0.03192 0.0350401 0.0376048 0.0395736 0.0409152 0.0416083 0.0416417 0.0410146 0.0397368 0.0378283 0.0353189 0.0322483 0.0286646 0.0246244 0.0201913 0.0154354 0.0104318 0.00525935 0 
0 -0.00488453 -0.00969647 -0.01436 -0.0188017 -0.0229514 -0.0267437 -0.0301187 -0.0330229 -0.0354105 -0.0372436 -0.038493 -0.039139 -0.039171 -0.0385884 -0.0374001 -0.0356247 -0.03329 -0.0304326 -0.0270975 -0.023337 -0.0192105 -0.0147828 -0.0101237 -0.0053066 -0.00040753 0.00449629 0.00932749 0.0140098 0.0184694 0.0226358 0.0264431 0.0298312 0.0327465 0.0351429 0.0369823 0.0382357 0.0388829 0.0389137 0.0383274 0.037133 0.0353492 0.033004 0.0301343 0.0267854 0.0230098 0.0188673 0.0144232 0.00974754 0.00491436 0 
0 -0.0044661 -0.00886573 -0.0131296 -0.0171905 -0.0209844 -0.0244515 -0.0275369 -0.0301918 -0.0323744 -0.0340499 -0.0351919 -0.035782 -0.0358109 -0.0352778 -0.034191 -0.0325675 -0.0304326 -0.02782 -0.0247705 -0.0213324 -0.0175595 -0.0135114 -0.00925183 -0.00484791 -0.000369082 0.00411402 0.00853066 0.0128112 0.0168879 0.0206966 0.0241769 0.027274 0.0299388 0.0321291 0.0338103 0.0349557 0.0355469 0.0355747 0.0350382 0.033946 0.0323149 0.0301708 0.0275472 0.0244855 0.0210339 0.017247 0.0131844 0.00891025 0.00449218 0 
0 -0.00397756 -0.00789582 -0.0116931 -0.0153095 -0.018688 -0.0217754 -0.0245228 -0.0268868 -0.02883 -0.0303218 -0.0313382 -0.0318633 -0.0318886 -0.0314134 -0.0304452 -0.028999 -0.0270975 -0.0247705 -0.0220547 -0.0189928 -0.0156329 -0.012028 -0.00823478 -0.00431315 -0.000324888 0.0036671 0.00759984 0.0114113 0.0150412 0.0184323 0.0215311 0.0242885 0.0266609 0.0286108 0.0301073 0.0311267 0.0316528 0.031677 0.0311989 0.0302259 0.0287732 0.0268637 0.0245274 0.0218011 0.0187277 0.0153558 0.0117385 0.00793302 0.00399945 0 
0 -0.00342659 -0.00680198 -0.010073 -0.0131881 -0.0160983 -0.0187575 -0.0211237 -0.0231597 -0.0248332 -0.0261176 -0.0269927 -0.0274445 -0.0274657 -0.027056 -0.0262215 -0.0249753 -0.023337 -0.0213324 -0.0189928 -0.0163552 -0.0134609 -0.0103558 -0.00708854 -0.00371075 -0.000275666 0.00316254 0.00654963 0.00983215 0.0129583 0.0158787 0.0185472 0.0209216 0.0229644 0.0246433 0.0259317 0.0268091 0.0272616 0.0272819 0.0268697 0.0260313 0.0247798 0.0231349 0.0211226 0.0187744 0.0161274 0.0132235 0.0101083 0.00683123 0.00344393 0 
0 -0.00282186 -0.00560142 -0.00829491 -0.0108599 -0.013256 -0.0154453 -0.0173933 -0.0190693 -0.0204467 -0.0215038 -0.0222237 -0.0225951 -0.022612 -0.022274 -0.0215864 -0.0205598 -0.0192105 -0.0175595 -0.0156329 -0.0134609 -0.0110779 -0.00852117 -0.00583115 -0.00305022 -0.00022221 0.00260827 0.00539656 0.00809867 0.0106719 0.0130757 0.0152721 0.0172263 0.0189075 0.020289 0.021349 0.0220707 0.0224426 0.0224587 0.0221188 0.0214281 0.0203974 0.019043 0.0173862 0.015453 0.013274 0.0108836 0.00831952 0.00562222 0.00283435 0 
0 -0.00217289 -0.00431304 -0.00638676 -0.00836139 -0.0102058 -0.0118909 -0.0133902 -0.0146799 -0.0157397 -0.0165528 -0.0171063 -0.0173915 -0.0174038 -0.0171429 -0.0166129 -0.015822 -0.0147828 -0.0135114 -0.012028 -0.0103558 -0.00852117 -0.00655305 -0.00448243 -0.00234196 -0.000165376 0.00201299 0.00415876 0.00623809 0.00821815 0.0100677 0.0117575 0.0132608 0.0145539 0.0156164 0.0164314 0.0169861 0.0172715 0.0172832 0.017021 0.0164888 0.0156951 0.0146524 0.0133771 0.0118893 0.0102125 0.00837309 0.00640022 0.00432503 0.00218032 0 
0 -0.0014899 -0.00295714 -0.00437862 -0.00573197 -0.00699587 -0.00815042 -0.00917741 -0.0100606 -0.0107862 -0.0113426 -0.0117211 -0.0119156 -0.0119231 -0.0117434 -0.0113793 -0.0108366 -0.0101237 -0.00925183 -0.00823478 -0.00708854 -0.00583115 -0.00448243 -0.00306364 -0.00159715 -0.000106071 0.00138607 0.00285572 0.00427971 0.00563556 0.00690186 0.00805861 0.00908755 0.00997242 0.0106992 0.0112565 0.0116354 0.01183 0.011837 0.0116565 0.0112913 0.010747 0.0100323 0.00915851 0.00813934 0.00699092 0.0057314 0.00438067 0.0029601 0.00149213 0 
0 -0.000783658 -0.00155507 -0.00230213 -0.00301307 -0.00367674 -0.00428269 -0.0048214 -0.00528439 -0.00566439 -0.00595541 -0.00615289 -0.00625371 -0.0062563 -0.00616062 -0.00596817 -0.00568199 -0.0053066 -0.00484791 -0.00431315 -0.00371075 -0.00305022 -0.00234196 -0.00159715 -0.000827528 -4.52414e-05 0.000737373 0.00150797 0.00225439 0.00296485 0.00362815 0.00423381 0.00477229 0.00523508 0.00561489 0.00590572 0.00610299 0.00620359 0.00620594 0.00611003 0.00591737 0.00563103 0.00525555 0.00479687 0.00426226 0.00366019 0.00300019 0.0022927 0.00154893 0.000780643 0 
0 -6.5289e-05 -0.000128954 -0.000190023 -0.000247571 -0.000300731 -0.000348712 -0.000390803 -0.000426392 -0.000454964 -0.000476117 -0.000489565 -0.000495139 -0.000492794 -0.000482606 -0.000464772 -0.000439604 -0.00040753 -0.000369082 -0.000324888 -0.000275666 -0.00022221 -0.000165376 -0.000106071 -4.52414e-05 1.61493e-05 7.71292e-05 0.000136736 0.000194034 0.000248123 0.000298161 0.000343372 0.000383058 0.000416615 0.000443538 0.000463432 0.000476015 0.000481126 0.000478724 0.000468889 0.000451824 0.000427844 0.000397376 0.000360948 0.000319183 0.000272784 0.000222523 0.000169232 0.000113779 5.70656e-05 0 
0 0.000653874 0.00129873 0.00192438 0.00252093 0.00307891 0.00358947 0.00404449 0.00443673 0.00475991 0.00500887 0.0051796 0.00526933 0.00527656 0.00520111 0.0050441 0.00480794 0.00449629 0.00411402 0.0036671 0.00316254 0.00260827 0.00201299 0.00138607 0.000737373 7.71292e-05 -0.000584256 -0.00123635 -0.00186885 -0.00247178 -0.00303559 -0.00355136 -0.00401093 -0.004407 -0.00473326 -0.00498452 -0.00515676 -0.00524718 -0.0052543 -0.00517792 -0.00501917 -0.00478049 -0.00446557 -0.0040793 -0.00362772 -0.00311788 -0.00255779 -0.00195625 -0.00132272 -0.000667189 0 
0 0.00136249 0.00270546 0.00400774 0.00524875 0.00640887 0.00746973 0.00841452 0.00922825 0.00989797 0.010413 0.0107652 0.0109487 0.0109607 0.0108009 0.0104715 0.00997784 0.00932749 0.00853066 0.00759984 0.00654963 0.00539656 0.00415876 0.00285572 0.00150797 0.000136736 -0.00123635 -0.00258962 -0.00390173 -0.00515194 -0.00632051 -0.00738895 -0.00834036 -0.00915965 -0.00983384 -0.0103522 -0.0107065 -0.010891 -0.0109027 -0.0107413 -0.0104093 -0.00991181 -0.00925657 -0.00845382 -0.00751617 -0.00645831 -0.0052969 -0.00405022 -0.00273791 -0.00138069 0 
0 0.00204936 0.00406903 0.00602716 0.00789284 0.00963658 0.0112308 0.0126503 0.0138725 0.0148781 0.015651 0.016179 0.0164535 0.01647 0.0162283 0.0157319 0.0149885 0.0140098 0.0128112 0.0114113 0.00983215 0.00809867 0.00623809 0.00427971 0.00225439 0.000194034 -0.00186885 -0.00390173 -0.00587251 -0.00775007 -0.00950476 -0.0111088 -0.0125369 -0.0137663 -0.0147777 -0.0155549 -0.0160855 -0.0163612 -0.0163773 -0.0161335 -0.0156335 -0.0148851 -0.0139 -0.0126936 -0.0112848 -0.0096958 -0.00795158 -0.00607962 -0.00410946 -0.00207219 0 
0 0.00270366 0.00536791 0.00795076 0.0104114 0.0127111 0.0148134 0.016685 0.0182963 0.0196217 0.0206402 0.0213356 0.0216966 0.0217175 0.0213977 0.0207421 0.0197609 0.0184694 0.0168879 0.0150412 0.0129583 0.0106719 0.00821815 0.00563556 0.00296485 0.000248123 -0.00247178 -0.00515194 -0.00775007 -0.0102251 -0.0125381 -0.0146522 -0.0165343 -0.0181543 -0.0194868 -0.0205105 -0.0212091 -0.0215714 -0.0215917 -0.0212693 -0.0206093 -0.0196219 -0.0183226 -0.0167317 -0.0148741 -0.0127792 -0.0104799 -0.00801243 -0.00541572 -0.00273076 0 
0 0.00331504 0.00658159 0.00974816 0.0127648 0.0155839 0.0181608 0.0204548 0.0224296 0.0240539 0.0253018 0.0261535 0.0265953 0.0266202 0.0262274 0.025423 0.0242195 0.0226358 0.0206966 0.0184323 0.0158787 0.0130757 0.0100677 0.00690186 0.00362815 0.000298161 -0.00303559 -0.00632051 -0.00950476 -0.0125381 -0.0153725 -0.0179632 -0.0202694 -0.0222543 -0.0238867 -0.0251406 -0.0259961 -0.0264394 -0.0264635 -0.0260677 -0.0252581 -0.0240474 -0.0224545 -0.0205043 -0.0182275 -0.0156599 -0.012842 -0.00981811 -0.00663605 -0.00334601 0 
0 0.00387384 0.00769087 0.0113909 0.0149157 0.0182094 0.0212202 0.0239002 0.0262072 0.0281046 0.0295621 0.0305566 0.0310723 0.0311007 0.0306411 0.0297007 0.028294 0.0264431 0.0241769 0.0215311 0.0185472 0.0152721 0.0117575 0.00805861 0.00423381 0.000343372 -0.00355136 -0.00738895 -0.0111088 -0.0146522 -0.0179632 -0.0209895 -0.0236831 -0.0260016 -0.027908 -0.0293722 -0.030371 -0.0308883 -0.0309157 -0.0304528 -0.0295065 -0.0280917 -0.0262304 -0.0239518 -0.0212918 -0.0182923 -0.0150004 -0.0114681 -0.00775117 -0.00390821 0 
0 0.00437123 0.00867824 0.0128532 0.0168301 0.0205464 0.0239432 0.0269668 0.0295694 0.0317097 0.0333537 0.0344754 0.0350566 0.0350881 0.0345691 0.0335076 0.03192 0.0298312 0.027274 0.0242885 0.0209216 0.0172263 0.0132608 0.00908755 0.00477229 0.000383058 -0.00401093 -0.00834036 -0.0125369 -0.0165343 -0.0202694 -0.0236831 -0.0267216 -0.0293367 -0.031487 -0.0331383 -0.0342645 -0.0348476 -0.0348781 -0.0343553 -0.0332873 -0.0316907 -0.0295906 -0.0270198 -0.0240188 -0.0206348 -0.0169212 -0.0129364 -0.00874347 -0.00440849 0 
0 0.00479933 0.00952805 0.0141116 0.0184778 0.0225576 0.0262866 0.0296059 0.0324628 0.0348122 0.0366167 0.0378477 0.0384854 0.0385195 0.0379492 0.0367834 0.0350401 0.0327465 0.0299388 0.0266609 0.0229644 0.0189075 0.0145539 0.00997242 0.00523508 0.000416615 -0.004407 -0.00915965 -0.0137663 -0.0181543 -0.0222543 -0.0260016 -0.0293367 -0.032207 -0.0345671 -0.0363794 -0.0376152 -0.0382548 -0.0382878 -0.0377135 -0.0365407 -0.0347877 -0.0324819 -0.0296597 -0.0263652 -0.0226504 -0.0185739 -0.0141998 -0.00959724 -0.00483891 0 
0 0.00515136 0.0102268 0.0151465 0.0198326 0.0242114 0.0282135 0.0317758 0.0348418 0.0373631 0.0392994 0.0406202 0.0413042 0.0413404 0.0407279 0.0394763 0.0376048 0.0351429 0.0321291 0.0286108 0.0246433 0.020289 0.0156164 0.0106992 0.00561489 0.000443538 -0.00473326 -0.00983384 -0.0147777 -0.0194868 -0.0238867 -0.027908 -0.031487 -0.0345671 -0.0370995 -0.0390441 -0.0403699 -0.0410559 -0.0410909 -0.0404741 -0.0392151 -0.0373335 -0.0348587 -0.0318296 -0.0282939 -0.0243072 -0.0199323 -0.0152382 -0.010299 -0.00519269 0 
0 0.00542175 0.0107635 0.0159412 0.0208731 0.0254814 0.0296932 0.0334421 0.0366686 0.0393217 0.0413593 0.0427489 0.0434684 0.0435061 0.0428612 0.0415435 0.0395736 0.0369823 0.0338103 0.0301073 0.0259317 0.021349 0.0164314 0.0112565 0.00590572 0.000463432 -0.00498452 -0.0103522 -0.0155549 -0.0205105 -0.0251406 -0.0293722 -0.0331383 -0.0363794 -0.0390441 -0.0410901 -0.042485 -0.0432065 -0.0432429 -0.0425935 -0.0412682 -0.0392878 -0.0366832 -0.0334953 -0.0297743 -0.0255788 -0.0209749 -0.0160352 -0.0108376 -0.0054642 0 
0 0.00560618 0.0111296 0.0164833 0.0215827 0.0263475 0.0307023 0.0345783 0.0379142 0.0406572 0.0427636 0.0442001 0.0449437 0.0449823 0.0443151 0.0429524 0.0409152 0.0382357 0.0349557 0.0311267 0.0268091 0.0220707 0.0169861 0.0116354 0.00610299 0.000476015 -0.00515676 -0.0107065 -0.0160855 -0.0212091 -0.0259961 -0.030371 -0.0342645 -0.0376152 -0.0403699 -0.042485 -0.0439268 -0.0446724 -0.0447097 -0.044038 -0.0426674 -0.0406196 -0.0379264 -0.0346303 -0.030783 -0.0264452 -0.0216852 -0.0165781 -0.0112044 -0.00564914 0 
0 0.00570172 0.0113192 0.016764 0.0219501 0.0267958 0.0312246 0.0351663 0.0385587 0.041348 0.04349 0.0449506 0.0457064 0.0457454 0.0450666 0.0436803 0.0416083 0.0388829 0.0355469 0.0316528 0.0272616 0.0224426 0.0172715 0.01183 0.00620359 0.000481126 -0.00524718 -0.010891 -0.0163612 -0.0215714 -0.0264394 -0.0308883 -0.0348476 -0.0382548 -0.0410559 -0.0432065 -0.0446724 -0.0454303 -0.0454679 -0.0447844 -0.0433904 -0.0413076 -0.0385686 -0.0352164 -0.0313039 -0.0268925 -0.0220519 -0.0168583 -0.0113938 -0.00574456 0 
0 0.00570683 0.0113293 0.0167788 0.0219694 0.0268192 0.0312517 0.0351966 0.0385917 0.0413832 0.0435267 0.0449883 0.0457445 0.0457832 0.0451034 0.0437157 0.0416417 0.0389137 0.0355747 0.031677 0.0272819 0.0224587 0.0172832 0.011837 0.00620594 0.000478724 -0.0052543 -0.0109027 -0.0163773 -0.0215917 -0.0264635 -0.0309157 -0.0348781 -0.0382878 -0.0410909 -0.0432429 -0.0447097 -0.0454679 -0.0455053 -0.044821 -0.0434255 -0.0413408 -0.0385994 -0.0352444 -0.0313285 -0.0269136 -0.022069 -0.0168713 -0.0114025 -0.00574894 0 
0 0.00562139 0.0111596 0.0165274 0.0216402 0.0264172 0.030783 0.0346686 0.0380125 0.0407619 0.042873 0.0443123 0.0450569 0.0450947 0.0444249 0.0430578 0.0410146 0.0383274 0.0350382 0.0311989 0.0268697 0.0221188 0.017021 0.0116565 0.00611003 0.000468889 -0.00517792 -0.0107413 -0.0161335 -0.0212693 -0.0260677 -0.0304528 -0.0343553 -0.0377135 -0.0404741 -0.0425935 -0.044038 -0.0447844 -0.044821 -0.0441467 -0.042772 -0.0407184 -0.0380181 -0.0347134 -0.0308564 -0.0265078 -0.0217362 -0.0166168 -0.0112305 -0.00566217 0 
0 0.00544672 0.0108128 0.0160137 0.0209674 0.0255958 0.0298257 0.0335903 0.0368301 0.0394937 0.0415389 0.0429332 0.0436544 0.0436908 0.0430415 0.0417167 0.0397368 0.037133 0.033946 0.0302259 0.0260313 0.0214281 0.0164888 0.0112913 0.00591737 0.000451824 -0.00501917 -0.0104093 -0.0156335 -0.0206093 -0.0252581 -0.0295065 -0.0332873 -0.0365407 -0.0392151 -0.0412682 -0.0426674 -0.0433904 -0.0434255 -0.042772 -0.0414399 -0.0394501 -0.0368337 -0.0336318 -0.0298948 -0.0256817 -0.0210587 -0.0160988 -0.0108803 -0.0054856 0 
0 0.00518553 0.0102942 0.0152456 0.0199617 0.0243679 0.0283948 0.0319786 0.0350628 0.0375984 0.0395453 0.0408725 0.0415588 0.0415932 0.0409749 0.0397133 0.0378283 0.0353492 0.0323149 0.0287732 0.0247798 0.0203974 0.0156951 0.010747 0.00563103 0.000427844 -0.00478049 -0.00991181 -0.0148851 -0.0196219 -0.0240474 -0.0280917 -0.0316907 -0.0347877 -0.0373335 -0.0392878 -0.0406196 -0.0413076 -0.0413408 -0.0407184 -0.0394501 -0.0375556 -0.0350647 -0.0320164 -0.0284588 -0.0244479 -0.0200469 -0.0153253 -0.0103575 -0.00522199 0 
0 0.00484192 0.00961208 0.0142353 0.0186387 0.0227528 0.0265127 0.0298588 0.0327384 0.0351058 0.0369234 0.0381624 0.038803 0.0388349 0.0382573 0.0370792 0.0353189 0.033004 0.0301708 0.0268637 0.0231349 0.019043 0.0146524 0.0100323 0.00525555 0.000397376 -0.00446557 -0.00925657 -0.0139 -0.0183226 -0.0224545 -0.0262304 -0.0295906 -0.0324819 -0.0348587 -0.0366832 -0.0379264 -0.0385686 -0.0385994 -0.0380181 -0.0368337 -0.0350647 -0.0327388 -0.0298926 -0.0265709 -0.022826 -0.0187169 -0.0143084 -0.00967022 -0.00487547 0 
0 0.00442129 0.00877701 0.0129985 0.0170193 0.0207759 0.0242089 0.0272642 0.0298934 0.0320549 0.0337144 0.0348456 0.0354303 0.0354592 0.0349317 0.0338558 0.0322483 0.0301343 0.0275472 0.0245274 0.0211226 0.0173862 0.0133771 0.00915851 0.00479687 0.000360948 -0.0040793 -0.00845382 -0.0126936 -0.0167317 -0.0205043 -0.0239518 -0.0270198 -0.0296597 -0.0318296 -0.0334953 -0.0346303 -0.0352164 -0.0352444 -0.0347134 -0.0336318 -0.0320164 -0.0298926 -0.0272938 -0.0242607 -0.0208413 -0.0170895 -0.0130643 -0.00882932 -0.0044515 0 
0 0.00393026 0.00780219 0.0115548 0.0151289 0.0184681 0.0215198 0.0242356 0.0265726 0.0284938 0.0299688 0.0309742 0.0314938 0.0315193 0.0310502 0.0300937 0.0286646 0.0267854 0.0244855 0.0218011 0.0187744 0.015453 0.0118893 0.00813934 0.00426226 0.000319183 -0.00362772 -0.00751617 -0.0112848 -0.0148741 -0.0182275 -0.0212918 -0.0240188 -0.0263652 -0.0282939 -0.0297743 -0.030783 -0.0313039 -0.0313285 -0.0308564 -0.0298948 -0.0284588 -0.0265709 -0.0242607 -0.0215647 -0.0185252 -0.0151902 -0.0116123 -0.00784801 -0.00395674 0 
0 0.00337654 0.00670294 0.0099268 0.0129973 0.015866 0.0184876 0.0208206 0.0228282 0.0244786 0.0257457 0.0266092 0.0270555 0.0270773 0.0266741 0.0258522 0.0246244 0.0230098 0.0210339 0.0187277 0.0161274 0.013274 0.0102125 0.00699092 0.00366019 0.000272784 -0.00311788 -0.00645831 -0.0096958 -0.0127792 -0.0156599 -0.0182923 -0.0206348 -0.0226504 -0.0243072 -0.0255788 -0.0264452 -0.0268925 -0.0269136 -0.0265078 -0.0256817 -0.0244479 -0.022826 -0.0208413 -0.0185252 -0.0159141 -0.0130491 -0.00997549 -0.00674176 -0.00339898 0 
0 0.00276887 0.0054966 0.00814023 0.0106581 0.0130104 0.0151601 0.0170731 0.0187193 0.0200726 0.0211115 0.0218195 0.0221853 0.0222031 0.0218724 0.0211983 0.0201913 0.0188673 0.017247 0.0153558 0.0132235 0.0108836 0.00837309 0.0057314 0.00300019 0.000222523 -0.00255779 -0.0052969 -0.00795158 -0.0104799 -0.012842 -0.0150004 -0.0169212 -0.0185739 -0.0199323 -0.0209749 -0.0216852 -0.0220519 -0.022069 -0.0217362 -0.0210587 -0.0200469 -0.0187169 -0.0170895 -0.0151902 -0.0130491 -0.0106999 -0.00817957 -0.005528 -0.00278704 0 
0 0.00211683 0.0042022 0.00622325 0.00814812 0.00994644 0.0115898 0.0130523 0.0143107 0.0153452 0.0161394 0.0166806 0.0169601 0.0169736 0.0167207 0.0162053 0.0154354 0.0144232 0.0131844 0.0117385 0.0101083 0.00831952 0.00640022 0.00438067 0.0022927 0.000169232 -0.00195625 -0.00405022 -0.00607962 -0.00801243 -0.00981811 -0.0114681 -0.0129364 -0.0141998 -0.0152382 -0.0160352 -0.0165781 -0.0168583 -0.0168713 -0.0166168 -0.0160988 -0.0153253 -0.0143084 -0.0130643 -0.0116123 -0.00997549 -0.00817957 -0.0062529 -0.00422588 -0.00213054 0 
0 0.00143072 0.00284016 0.00420613 0.00550707 0.00672248 0.00783315 0.00882156 0.00967205 0.0103712 0.0109079 0.0112736 0.0114625 0.0114715 0.0113005 0.0109521 0.0104318 0.00974754 0.00891025 0.00793302 0.00683123 0.00562222 0.00432503 0.0029601 0.00154893 0.000113779 -0.00132272 -0.00273791 -0.00410946 -0.00541572 -0.00663605 -0.00775117 -0.00874347 -0.00959724 -0.010299 -0.0108376 -0.0112044 -0.0113938 -0.0114025 -0.0112305 -0.0108803 -0.0103575 -0.00967022 -0.00882932 -0.00784801 -0.00674176 -0.005528 -0.00422588 -0.00285596 -0.00143987 0 
0 0.000721372 0.00143201 0.00212072 0.00277664 0.00338943 0.00394942 0.00444774 0.00487653 0.005229 0.00549956 0.00568392 0.00577914 0.00578368 0.00569744 0.00552175 0.00525935 0.00491436 0.00449218 0.00399945 0.00344393 0.00283435 0.00218032 0.00149213 0.000780643 5.70656e-05 -0.000667189 -0.00138069 -0.00207219 -0.00273076 -0.00334601 -0.00390821 -0.00440849 -0.00483891 -0.00519269 -0.0054642 -0.00564914 -0.00574456 -0.00574894 -0.00566217 -0.0054856 -0.00522199 -0.00487547 -0.0044515 -0.00395674 -0.00339898 -0.00278704 -0.00213054 -0.00143987 -0.000725928 0 
0 0 0 0 0 0 0 0 0 0 0 0 0 0 0 0 0 0 0 0 0 0 0 0 0 0 0 0 0 0 0 0 0 0 0 0 0 0 0 0 0 0 0 0 0 0 0 0 0 0 0 
